1760434372307 0.32536 0
1760434403692 0.36642 1
1760434435226 0.44703 2
1760434464919 0.46334 3
1760434495451 0.47461 4
1760434527580 0.50687 5
1760434560537 0.50847 6
1760434592376 0.53088 7
1760434620765 0.51117 8
1760434652286 0.54746 9
1760434682481 0.53554 10
1760434711792 0.53801 11
1760434743559 0.55901 12
1760434773462 0.54077 13
1760434805719 0.56284 14
1760434835212 0.55348 15
1760434866269 0.54125 16
1760434897589 0.56471 17
1760434927230 0.55567 18
1760434958299 0.58767 19
1760434988353 0.57073 20
1760435017425 0.58447 21
1760435047558 0.57926 22
1760435077264 0.58108 23
1760435108060 0.57772 24
1760435139515 0.58389 25
1760435169544 0.5847 26
1760435199427 0.58439 27
1760435229958 0.58229 28
1760435261705 0.60837 29
1760435291402 0.59405 30
1760435320937 0.59976 31
1760435352750 0.59951 32
1760435382394 0.59797 33
1760435413310 0.61235 34
1760435443202 0.6089 35
1760435474519 0.62942 36
1760435504048 0.61069 37
1760435535457 0.60625 38
1760435565818 0.59955 39
1760435595252 0.61778 40
1760435624463 0.62269 41
1760435655164 0.61601 42
1760435684936 0.62848 43
1760435715005 0.60237 44
1760435745835 0.62131 45
1760435776479 0.6306 46
1760435807627 0.63316 47
1760435838132 0.62829 48
1760435871076 0.63624 49
1760435901726 0.63366 50
1760435932256 0.62946 51
1760435962546 0.62668 52
1760435992941 0.62266 53
1760436023879 0.63012 54
1760436055163 0.63807 55
1760436085501 0.64366 56
1760436115279 0.6474 57
1760436145107 0.63274 58
1760436175867 0.6401 59
1760436205044 0.63326 60
1760436235887 0.64922 61
1760436265372 0.64423 62
1760436295446 0.64744 63
1760436326343 0.64678 64
1760436355778 0.64294 65
1760436385990 0.64511 66
1760436415587 0.64732 67
1760436446074 0.64923 68
1760436478866 0.65226 69
1760436509116 0.6503 70
1760436538963 0.64942 71
1760436568894 0.64831 72
1760436598886 0.64634 73
1760436629729 0.63474 74
1760436659972 0.64032 75
1760436691546 0.65352 76
1760436721381 0.65181 77
1760436752555 0.66066 78
1760436784363 0.66199 79
1760436813803 0.65993 80
1760436843484 0.65725 81
1760436873691 0.66189 82
1760436904847 0.66628 83
1760436936164 0.65564 84
1760436966292 0.66428 85
1760436996600 0.6601 86
1760437026475 0.65757 87
1760437056008 0.65394 88
1760437087957 0.65802 89
1760437117745 0.65263 90
1760437147158 0.65985 91
1760437177336 0.66657 92
1760437207151 0.66041 93
1760437238118 0.67341 94
1760437267487 0.66911 95
1760437297107 0.66626 96
1760437327465 0.6715 97
1760437358275 0.68195 98
1760437390378 0.67635 99
1760437418979 0.67371 100
1760437448744 0.67262 101
1760437479076 0.67587 102
1760437507904 0.66318 103
1760437539034 0.67752 104
1760437569390 0.67792 105
1760437601660 0.68294 106
1760437631263 0.67577 107
1760437662500 0.6704 108
1760437693187 0.68059 109
1760437723551 0.67498 110
1760437752774 0.67232 111
1760437782850 0.66128 112
1760437812595 0.67551 113
1760437841372 0.67474 114
1760437871055 0.67386 115
1760437901394 0.6772 116
1760437932831 0.68387 117
1760437961688 0.68306 118
1760437994993 0.68585 119
1760438024519 0.68165 120
1760438055288 0.68661 121
1760438084499 0.68227 122
1760438115294 0.68251 123
1760438145228 0.68476 124
1760438176775 0.68854 125
1760438208203 0.69385 126
1760438238553 0.69574 127
1760438268097 0.68937 128
1760438299093 0.68894 129
1760438328295 0.69394 130
1760438357832 0.6922 131
1760438389270 0.69725 132
1760438419284 0.68433 133
1760438449634 0.69576 134
1760438479860 0.69066 135
1760438508878 0.6933 136
1760438538677 0.68525 137
1760438567923 0.68755 138
1760438598538 0.69078 139
1760438627812 0.69271 140
1760438657469 0.69091 141
1760438687535 0.6924 142
1760438718529 0.69727 143
1760438749249 0.69636 144
1760438779694 0.69888 145
1760438809598 0.69201 146
1760438840167 0.69564 147
1760438869937 0.69361 148
1760438900019 0.68661 149
1760438929300 0.694 150
1760438958629 0.69713 151
1760438988497 0.69202 152
1760439018352 0.70224 153
1760439046845 0.69891 154
1760439077689 0.70278 155
1760439107497 0.70308 156
1760439137735 0.70367 157
1760439167147 0.69773 158
1760439198607 0.70355 159
1760439228051 0.70017 160
1760439257397 0.6983 161
1760439288376 0.70511 162
1760439319530 0.70647 163
1760439349319 0.706 164
1760439379475 0.70886 165
1760439408937 0.70829 166
1760439439928 0.71143 167
1760439469683 0.70535 168
1760439499546 0.70344 169
1760439528777 0.70066 170
1760439558993 0.71405 171
1760439588355 0.7108 172
1760439617783 0.71013 173
1760439647159 0.7132 174
1760439677577 0.71443 175
1760439707978 0.70893 176
1760439738568 0.71051 177
1760439767863 0.71216 178
1760439798615 0.70856 179
1760439828421 0.70715 180
1760439857567 0.70861 181
1760439888002 0.71055 182
1760439918563 0.7089 183
1760439949579 0.7098 184
1760439978842 0.70711 185
1760440007917 0.71201 186
1760440037728 0.70903 187
1760440067140 0.71259 188
1760440098778 0.70876 189
1760440129119 0.70933 190
1760440158593 0.70674 191
1760440189034 0.70827 192
1760440218383 0.70781 193
1760440247928 0.7119 194
1760440277892 0.7074 195
1760440307609 0.7133 196
1760440337439 0.71212 197
1760440367137 0.71335 198
1760440397927 0.70708 199
1760440427068 0.71394 200
1760440457102 0.71216 201
1760440488945 0.71641 202
1760440519143 0.70923 203
1760440549698 0.71328 204
1760440578793 0.71201 205
1760440608103 0.71464 206
1760440638618 0.72077 207
1760440667970 0.71993 208
1760440699283 0.71196 209
1760440729301 0.71577 210
1760440758463 0.712 211
1760440788257 0.71548 212
1760440817963 0.71728 213
1760440847070 0.7182 214
1760440876959 0.71487 215
1760440907061 0.71834 216
1760440937294 0.7167 217
1760440968575 0.71658 218
1760440999241 0.71318 219
1760441028658 0.71579 220
1760441057951 0.71813 221
1760441089761 0.72451 222
1760441121042 0.72721 223
1760441151052 0.72052 224
1760441180191 0.72198 225
1760441209651 0.72341 226
1760441238990 0.72463 227
1760441268453 0.72077 228
1760441299433 0.71889 229
1760441329242 0.72214 230
1760441358457 0.72179 231
1760441388762 0.72349 232
1760441418437 0.72229 233
1760441448188 0.7229 234
1760441478683 0.71955 235
1760441508024 0.71846 236
1760441538500 0.72064 237
1760441567508 0.72296 238
1760441598033 0.72086 239
1760441627887 0.72258 240
1760441657356 0.71872 241
1760441687740 0.71753 242
1760441717855 0.71953 243
1760441748687 0.71776 244
1760441779181 0.72213 245
1760441808881 0.72139 246
1760441838913 0.72342 247
1760441868828 0.72419 248
1760441900608 0.72278 249
1760441930426 0.72377 250
1760441959861 0.72312 251
1760441989285 0.72251 252
1760442018938 0.72098 253
1760442049943 0.71942 254
1760442080533 0.71886 255
1760442109760 0.72074 256
1760442140425 0.7263 257
1760442171547 0.72753 258
1760442203512 0.72536 259
1760442232596 0.72583 260
1760442262174 0.72474 261
1760442291498 0.72602 262
1760442323651 0.72949 263
1760442352727 0.72791 264
1760442382485 0.72607 265
1760442413531 0.72749 266
1760442442870 0.7271 267
1760442472763 0.72622 268
1760442504113 0.72906 269
1760442535399 0.73051 270
1760442565509 0.73129 271
1760442596194 0.73278 272
1760442625855 0.73125 273
1760442655702 0.73044 274
1760442685926 0.72728 275
1760442715236 0.72937 276
1760442745292 0.72798 277
1760442775123 0.72635 278
1760442806051 0.72925 279
1760442835662 0.72827 280
1760442866122 0.72894 281
1760442896227 0.72983 282
1760442927454 0.72835 283
1760442957168 0.72899 284
1760442987052 0.73092 285
1760443016994 0.73123 286
1760443046721 0.73167 287
1760443077958 0.72983 288
1760443108359 0.72924 289
1760443142926 0.72817 290
1760443170708 0.72579 291
1760443199594 0.72443 292
1760443228505 0.72373 293
1760443257210 0.72365 294
1760443286548 0.72397 295
1760443315283 0.7235 296
1760443344592 0.72368 297
1760443373498 0.72466 298
1760443402249 0.72496 299
1760443415337 0.7322386786308943 299
