1760434372307 0.49975 0
1760434403692 0.62601 1
1760434435226 0.68184 2
1760434464919 0.66351 3
1760434495451 0.67811 4
1760434527580 0.69087 5
1760434560537 0.69347 6
1760434592376 0.71459 7
1760434620765 0.70908 8
1760434652286 0.73264 9
1760434682481 0.73116 10
1760434711792 0.72965 11
1760434743559 0.74253 12
1760434773462 0.72556 13
1760434805719 0.74841 14
1760434835212 0.72677 15
1760434866269 0.75484 16
1760434897589 0.7482 17
1760434927230 0.7424 18
1760434958299 0.77236 19
1760434988353 0.74088 20
1760435017425 0.76517 21
1760435047558 0.7536 22
1760435077264 0.76043 23
1760435108060 0.75159 24
1760435139515 0.75958 25
1760435169544 0.76719 26
1760435199427 0.76365 27
1760435229958 0.75776 28
1760435261705 0.76992 29
1760435291402 0.77334 30
1760435320937 0.76618 31
1760435352750 0.76668 32
1760435382394 0.76556 33
1760435413310 0.77423 34
1760435443202 0.7751 35
1760435474519 0.78325 36
1760435504048 0.7777 37
1760435535457 0.76846 38
1760435565818 0.7758 39
1760435595252 0.78451 40
1760435624463 0.77782 41
1760435655164 0.77316 42
1760435684936 0.77906 43
1760435715005 0.76493 44
1760435745835 0.78629 45
1760435776479 0.77754 46
1760435807627 0.78651 47
1760435838132 0.78325 48
1760435871076 0.79155 49
1760435901726 0.78161 50
1760435932256 0.78714 51
1760435962546 0.78845 52
1760435992941 0.79543 53
1760436023879 0.79681 54
1760436055163 0.79685 55
1760436085501 0.79699 56
1760436115279 0.79448 57
1760436145107 0.77997 58
1760436175867 0.78716 59
1760436205044 0.79806 60
1760436235887 0.80351 61
1760436265372 0.79282 62
1760436295446 0.79374 63
1760436326343 0.79402 64
1760436355778 0.79913 65
1760436385990 0.79079 66
1760436415587 0.7975 67
1760436446074 0.79892 68
1760436478866 0.79545 69
1760436509116 0.79802 70
1760436538963 0.79476 71
1760436568894 0.79639 72
1760436598886 0.78798 73
1760436629729 0.79246 74
1760436659972 0.79478 75
1760436691546 0.79806 76
1760436721381 0.79397 77
1760436752555 0.80879 78
1760436784363 0.8075 79
1760436813803 0.80066 80
1760436843484 0.80154 81
1760436873691 0.80786 82
1760436904847 0.80311 83
1760436936164 0.79934 84
1760436966292 0.80216 85
1760436996600 0.81221 86
1760437026475 0.79883 87
1760437056008 0.80534 88
1760437087957 0.80026 89
1760437117745 0.80193 90
1760437147158 0.80342 91
1760437177336 0.80952 92
1760437207151 0.80213 93
1760437238118 0.81514 94
1760437267487 0.80164 95
1760437297107 0.80365 96
1760437327465 0.81102 97
1760437358275 0.81316 98
1760437390378 0.81434 99
1760437418979 0.8185 100
1760437448744 0.81944 101
1760437479076 0.81276 102
1760437507904 0.81206 103
1760437539034 0.81308 104
1760437569390 0.81053 105
1760437601660 0.81856 106
1760437631263 0.81307 107
1760437662500 0.80842 108
1760437693187 0.81801 109
1760437723551 0.8089 110
1760437752774 0.79759 111
1760437782850 0.80111 112
1760437812595 0.81251 113
1760437841372 0.80897 114
1760437871055 0.80813 115
1760437901394 0.80746 116
1760437932831 0.81167 117
1760437961688 0.81239 118
1760437994993 0.82445 119
1760438024519 0.81119 120
1760438055288 0.8198 121
1760438084499 0.8128 122
1760438115294 0.82122 123
1760438145228 0.81901 124
1760438176775 0.81941 125
1760438208203 0.82888 126
1760438238553 0.82096 127
1760438268097 0.8149 128
1760438299093 0.81827 129
1760438328295 0.82579 130
1760438357832 0.82676 131
1760438389270 0.82381 132
1760438419284 0.81626 133
1760438449634 0.82242 134
1760438479860 0.81617 135
1760438508878 0.81714 136
1760438538677 0.81166 137
1760438567923 0.81599 138
1760438598538 0.82095 139
1760438627812 0.8163 140
1760438657469 0.81855 141
1760438687535 0.82187 142
1760438718529 0.82281 143
1760438749249 0.82293 144
1760438779694 0.8245 145
1760438809598 0.81633 146
1760438840167 0.82276 147
1760438869937 0.8178 148
1760438900019 0.8201 149
1760438929300 0.82166 150
1760438958629 0.82053 151
1760438988497 0.81952 152
1760439018352 0.8234 153
1760439046845 0.82096 154
1760439077689 0.82489 155
1760439107497 0.82323 156
1760439137735 0.82094 157
1760439167147 0.82134 158
1760439198607 0.82836 159
1760439228051 0.82389 160
1760439257397 0.82513 161
1760439288376 0.82851 162
1760439319530 0.82784 163
1760439349319 0.8316 164
1760439379475 0.83258 165
1760439408937 0.83215 166
1760439439928 0.83307 167
1760439469683 0.82896 168
1760439499546 0.83 169
1760439528777 0.8269 170
1760439558993 0.83122 171
1760439588355 0.82822 172
1760439617783 0.83139 173
1760439647159 0.83415 174
1760439677577 0.83191 175
1760439707978 0.83048 176
1760439738568 0.82612 177
1760439767863 0.8293 178
1760439798615 0.8298 179
1760439828421 0.82725 180
1760439857567 0.82787 181
1760439888002 0.83068 182
1760439918563 0.82398 183
1760439949579 0.82646 184
1760439978842 0.83014 185
1760440007917 0.83168 186
1760440037728 0.82826 187
1760440067140 0.82941 188
1760440098778 0.82593 189
1760440129119 0.82274 190
1760440158593 0.81806 191
1760440189034 0.82004 192
1760440218383 0.82306 193
1760440247928 0.82612 194
1760440277892 0.82411 195
1760440307609 0.83189 196
1760440337439 0.82853 197
1760440367137 0.82914 198
1760440397927 0.82629 199
1760440427068 0.82904 200
1760440457102 0.82971 201
1760440488945 0.83278 202
1760440519143 0.8271 203
1760440549698 0.82967 204
1760440578793 0.83334 205
1760440608103 0.83063 206
1760440638618 0.83152 207
1760440667970 0.83413 208
1760440699283 0.8314 209
1760440729301 0.83535 210
1760440758463 0.83183 211
1760440788257 0.83006 212
1760440817963 0.83403 213
1760440847070 0.83293 214
1760440876959 0.83158 215
1760440907061 0.83637 216
1760440937294 0.83589 217
1760440968575 0.83343 218
1760440999241 0.82955 219
1760441028658 0.82991 220
1760441057951 0.8313 221
1760441089761 0.83312 222
1760441121042 0.83353 223
1760441151052 0.83532 224
1760441180191 0.83542 225
1760441209651 0.83672 226
1760441238990 0.83968 227
1760441268453 0.83983 228
1760441299433 0.83802 229
1760441329242 0.83669 230
1760441358457 0.83564 231
1760441388762 0.83946 232
1760441418437 0.83859 233
1760441448188 0.83762 234
1760441478683 0.83614 235
1760441508024 0.83674 236
1760441538500 0.84077 237
1760441567508 0.84083 238
1760441598033 0.83978 239
1760441627887 0.83604 240
1760441657356 0.84001 241
1760441687740 0.83706 242
1760441717855 0.83836 243
1760441748687 0.8355 244
1760441779181 0.83967 245
1760441808881 0.83784 246
1760441838913 0.83698 247
1760441868828 0.8381 248
1760441900608 0.83649 249
1760441930426 0.83852 250
1760441959861 0.83757 251
1760441989285 0.83719 252
1760442018938 0.83775 253
1760442049943 0.83651 254
1760442080533 0.83542 255
1760442109760 0.8372 256
1760442140425 0.83994 257
1760442171547 0.84136 258
1760442203512 0.84123 259
1760442232596 0.8415 260
1760442262174 0.84179 261
1760442291498 0.8409 262
1760442323651 0.84057 263
1760442352727 0.84245 264
1760442382485 0.84376 265
1760442413531 0.84468 266
1760442442870 0.84134 267
1760442472763 0.84066 268
1760442504113 0.84465 269
1760442535399 0.84556 270
1760442565509 0.84403 271
1760442596194 0.84585 272
1760442625855 0.84304 273
1760442655702 0.84306 274
1760442685926 0.84034 275
1760442715236 0.84113 276
1760442745292 0.83987 277
1760442775123 0.84011 278
1760442806051 0.84204 279
1760442835662 0.84124 280
1760442866122 0.84161 281
1760442896227 0.84372 282
1760442927454 0.84189 283
1760442957168 0.84161 284
1760442987052 0.8407 285
1760443016994 0.84156 286
1760443046721 0.84208 287
1760443077958 0.83961 288
1760443108359 0.84405 289
1760443142926 0.84231 290
1760443170708 0.84495 291
1760443199594 0.84452 292
1760443228505 0.84297 293
1760443257210 0.84313 294
1760443286548 0.84312 295
1760443315283 0.84134 296
1760443344592 0.84152 297
1760443373498 0.84261 298
1760443402249 0.84042 299
1760443415337 0.8457132873193386 299
