1760434372307 0.61213 0
1760434403692 0.82151 1
1760434435226 0.87288 2
1760434464919 0.82108 3
1760434495451 0.80344 4
1760434527580 0.87374 5
1760434560537 0.8371 6
1760434592376 0.84994 7
1760434620765 0.8314 8
1760434652286 0.88057 9
1760434682481 0.8996 10
1760434711792 0.91155 11
1760434743559 0.8992 12
1760434773462 0.87376 13
1760434805719 0.89126 14
1760434835212 0.8708 15
1760434866269 0.88364 16
1760434897589 0.8659 17
1760434927230 0.90773 18
1760434958299 0.8946 19
1760434988353 0.89065 20
1760435017425 0.89651 21
1760435047558 0.88265 22
1760435077264 0.87659 23
1760435108060 0.85863 24
1760435139515 0.86875 25
1760435169544 0.87516 26
1760435199427 0.87601 27
1760435229958 0.88663 28
1760435261705 0.88056 29
1760435291402 0.91217 30
1760435320937 0.8683 31
1760435352750 0.87959 32
1760435382394 0.88141 33
1760435413310 0.88743 34
1760435443202 0.92921 35
1760435474519 0.90188 36
1760435504048 0.91784 37
1760435535457 0.88601 38
1760435565818 0.92067 39
1760435595252 0.89862 40
1760435624463 0.89372 41
1760435655164 0.91388 42
1760435684936 0.92899 43
1760435715005 0.91188 44
1760435745835 0.95206 45
1760435776479 0.90229 46
1760435807627 0.90603 47
1760435838132 0.91175 48
1760435871076 0.93656 49
1760435901726 0.91774 50
1760435932256 0.90539 51
1760435962546 0.89445 52
1760435992941 0.91046 53
1760436023879 0.94181 54
1760436055163 0.92803 55
1760436085501 0.92588 56
1760436115279 0.94075 57
1760436145107 0.9177 58
1760436175867 0.92393 59
1760436205044 0.8937 60
1760436235887 0.93078 61
1760436265372 0.90605 62
1760436295446 0.89806 63
1760436326343 0.94522 64
1760436355778 0.91652 65
1760436385990 0.90681 66
1760436415587 0.90875 67
1760436446074 0.94947 68
1760436478866 0.91542 69
1760436509116 0.93601 70
1760436538963 0.9126 71
1760436568894 0.93047 72
1760436598886 0.93002 73
1760436629729 0.90349 74
1760436659972 0.93162 75
1760436691546 0.90297 76
1760436721381 0.91432 77
1760436752555 0.93267 78
1760436784363 0.91922 79
1760436813803 0.91734 80
1760436843484 0.92583 81
1760436873691 0.9454 82
1760436904847 0.93552 83
1760436936164 0.93972 84
1760436966292 0.90523 85
1760436996600 0.95771 86
1760437026475 0.89047 87
1760437056008 0.91764 88
1760437087957 0.89935 89
1760437117745 0.93121 90
1760437147158 0.91844 91
1760437177336 0.9206 92
1760437207151 0.93424 93
1760437238118 0.9256 94
1760437267487 0.91528 95
1760437297107 0.94266 96
1760437327465 0.92833 97
1760437358275 0.92142 98
1760437390378 0.94538 99
1760437418979 0.92902 100
1760437448744 0.94612 101
1760437479076 0.92274 102
1760437507904 0.88965 103
1760437539034 0.91249 104
1760437569390 0.93881 105
1760437601660 0.92292 106
1760437631263 0.92628 107
1760437662500 0.91915 108
1760437693187 0.91832 109
1760437723551 0.9345 110
1760437752774 0.93893 111
1760437782850 0.90593 112
1760437812595 0.90088 113
1760437841372 0.94222 114
1760437871055 0.90571 115
1760437901394 0.92685 116
1760437932831 0.8989 117
1760437961688 0.93165 118
1760437994993 0.92973 119
1760438024519 0.91582 120
1760438055288 0.92988 121
1760438084499 0.91965 122
1760438115294 0.94788 123
1760438145228 0.92132 124
1760438176775 0.90692 125
1760438208203 0.92617 126
1760438238553 0.87508 127
1760438268097 0.93354 128
1760438299093 0.91682 129
1760438328295 0.93301 130
1760438357832 0.94753 131
1760438389270 0.93618 132
1760438419284 0.94864 133
1760438449634 0.92735 134
1760438479860 0.93397 135
1760438508878 0.95169 136
1760438538677 0.92123 137
1760438567923 0.92729 138
1760438598538 0.93153 139
1760438627812 0.94325 140
1760438657469 0.95232 141
1760438687535 0.94407 142
1760438718529 0.91849 143
1760438749249 0.93387 144
1760438779694 0.93352 145
1760438809598 0.9509 146
1760438840167 0.94149 147
1760438869937 0.93399 148
1760438900019 0.89901 149
1760438929300 0.9165 150
1760438958629 0.92418 151
1760438988497 0.94128 152
1760439018352 0.92586 153
1760439046845 0.93624 154
1760439077689 0.93535 155
1760439107497 0.90662 156
1760439137735 0.92242 157
1760439167147 0.9501 158
1760439198607 0.94505 159
1760439228051 0.90502 160
1760439257397 0.92254 161
1760439288376 0.94306 162
1760439319530 0.9373 163
1760439349319 0.90745 164
1760439379475 0.92971 165
1760439408937 0.93397 166
1760439439928 0.92296 167
1760439469683 0.93524 168
1760439499546 0.90885 169
1760439528777 0.94513 170
1760439558993 0.92631 171
1760439588355 0.95063 172
1760439617783 0.91507 173
1760439647159 0.92583 174
1760439677577 0.91319 175
1760439707978 0.93251 176
1760439738568 0.92245 177
1760439767863 0.93662 178
1760439798615 0.92875 179
1760439828421 0.92555 180
1760439857567 0.93475 181
1760439888002 0.94098 182
1760439918563 0.94896 183
1760439949579 0.92021 184
1760439978842 0.93576 185
1760440007917 0.92944 186
1760440037728 0.9155 187
1760440067140 0.93519 188
1760440098778 0.95606 189
1760440129119 0.94096 190
1760440158593 0.93875 191
1760440189034 0.91876 192
1760440218383 0.93636 193
1760440247928 0.94326 194
1760440277892 0.93427 195
1760440307609 0.93374 196
1760440337439 0.94093 197
1760440367137 0.93374 198
1760440397927 0.92807 199
1760440427068 0.9268 200
1760440457102 0.93783 201
1760440488945 0.93071 202
1760440519143 0.92434 203
1760440549698 0.92762 204
1760440578793 0.9141 205
1760440608103 0.94001 206
1760440638618 0.95546 207
1760440667970 0.93996 208
1760440699283 0.94569 209
1760440729301 0.94766 210
1760440758463 0.94557 211
1760440788257 0.9415 212
1760440817963 0.94021 213
1760440847070 0.94985 214
1760440876959 0.94883 215
1760440907061 0.94007 216
1760440937294 0.95239 217
1760440968575 0.92738 218
1760440999241 0.93558 219
1760441028658 0.93679 220
1760441057951 0.91357 221
1760441089761 0.92404 222
1760441121042 0.94 223
1760441151052 0.92618 224
1760441180191 0.95155 225
1760441209651 0.94923 226
1760441238990 0.94551 227
1760441268453 0.94575 228
1760441299433 0.94722 229
1760441329242 0.92231 230
1760441358457 0.93436 231
1760441388762 0.93118 232
1760441418437 0.94 233
1760441448188 0.93697 234
1760441478683 0.94524 235
1760441508024 0.93651 236
1760441538500 0.94119 237
1760441567508 0.95173 238
1760441598033 0.95204 239
1760441627887 0.94816 240
1760441657356 0.93305 241
1760441687740 0.92821 242
1760441717855 0.93176 243
1760441748687 0.94623 244
1760441779181 0.94214 245
1760441808881 0.94761 246
1760441838913 0.92461 247
1760441868828 0.92669 248
1760441900608 0.92477 249
1760441930426 0.93741 250
1760441959861 0.94225 251
1760441989285 0.9246 252
1760442018938 0.93024 253
1760442049943 0.94822 254
1760442080533 0.95445 255
1760442109760 0.93729 256
1760442140425 0.95155 257
1760442171547 0.91655 258
1760442203512 0.9231 259
1760442232596 0.92642 260
1760442262174 0.92956 261
1760442291498 0.93563 262
1760442323651 0.92819 263
1760442352727 0.93574 264
1760442382485 0.96085 265
1760442413531 0.95337 266
1760442442870 0.92796 267
1760442472763 0.95753 268
1760442504113 0.93614 269
1760442535399 0.94373 270
1760442565509 0.94379 271
1760442596194 0.92987 272
1760442625855 0.92346 273
1760442655702 0.92998 274
1760442685926 0.92509 275
1760442715236 0.9312 276
1760442745292 0.9327 277
1760442775123 0.93723 278
1760442806051 0.93824 279
1760442835662 0.95748 280
1760442866122 0.95582 281
1760442896227 0.93706 282
1760442927454 0.93518 283
1760442957168 0.9361 284
1760442987052 0.93283 285
1760443016994 0.93923 286
1760443046721 0.92991 287
1760443077958 0.92276 288
1760443108359 0.92227 289
1760443142926 0.93551 290
1760443170708 0.95035 291
1760443199594 0.93263 292
1760443228505 0.93593 293
1760443257210 0.93583 294
1760443286548 0.9364 295
1760443315283 0.93528 296
1760443344592 0.93375 297
1760443373498 0.94302 298
1760443402249 0.94569 299
1760443415337 0.9377933285833808 299
