1760434372307 0.46507 0
1760434403692 0.51713 1
1760434435226 0.5627 2
1760434464919 0.57568 3
1760434495451 0.59714 4
1760434527580 0.60157 5
1760434560537 0.61368 6
1760434592376 0.63024 7
1760434620765 0.64481 8
1760434652286 0.64463 9
1760434682481 0.63786 10
1760434711792 0.62098 11
1760434743559 0.64349 12
1760434773462 0.63528 13
1760434805719 0.64407 14
1760434835212 0.63595 15
1760434866269 0.68812 16
1760434897589 0.66903 17
1760434927230 0.64025 18
1760434958299 0.67445 19
1760434988353 0.65186 20
1760435017425 0.68335 21
1760435047558 0.65706 22
1760435077264 0.68078 23
1760435108060 0.67821 24
1760435139515 0.68881 25
1760435169544 0.70268 26
1760435199427 0.68671 27
1760435229958 0.67429 28
1760435261705 0.68862 29
1760435291402 0.68527 30
1760435320937 0.7007 31
1760435352750 0.70531 32
1760435382394 0.68408 33
1760435413310 0.70222 34
1760435443202 0.66612 35
1760435474519 0.71304 36
1760435504048 0.68022 37
1760435535457 0.67293 38
1760435565818 0.70224 39
1760435595252 0.70415 40
1760435624463 0.69957 41
1760435655164 0.69343 42
1760435684936 0.69351 43
1760435715005 0.6846 44
1760435745835 0.68549 45
1760435776479 0.68745 46
1760435807627 0.71265 47
1760435838132 0.70813 48
1760435871076 0.69575 49
1760435901726 0.69044 50
1760435932256 0.71643 51
1760435962546 0.71632 52
1760435992941 0.70937 53
1760436023879 0.7033 54
1760436055163 0.71373 55
1760436085501 0.7076 56
1760436115279 0.69955 57
1760436145107 0.6911 58
1760436175867 0.69789 59
1760436205044 0.72177 60
1760436235887 0.71246 61
1760436265372 0.71741 62
1760436295446 0.72985 63
1760436326343 0.69992 64
1760436355778 0.7271 65
1760436385990 0.70698 66
1760436415587 0.72821 67
1760436446074 0.70491 68
1760436478866 0.7121 69
1760436509116 0.70759 70
1760436538963 0.72319 71
1760436568894 0.72479 72
1760436598886 0.7053 73
1760436629729 0.72596 74
1760436659972 0.70889 75
1760436691546 0.72935 76
1760436721381 0.72231 77
1760436752555 0.73092 78
1760436784363 0.73265 79
1760436813803 0.71652 80
1760436843484 0.71505 81
1760436873691 0.72415 82
1760436904847 0.72517 83
1760436936164 0.70978 84
1760436966292 0.73839 85
1760436996600 0.70571 86
1760437026475 0.72815 87
1760437056008 0.7324 88
1760437087957 0.7306 89
1760437117745 0.71242 90
1760437147158 0.72793 91
1760437177336 0.73813 92
1760437207151 0.70735 93
1760437238118 0.73257 94
1760437267487 0.73887 95
1760437297107 0.71722 96
1760437327465 0.72623 97
1760437358275 0.73159 98
1760437390378 0.71331 99
1760437418979 0.7427 100
1760437448744 0.73161 101
1760437479076 0.72807 102
1760437507904 0.74006 103
1760437539034 0.73975 104
1760437569390 0.72468 105
1760437601660 0.73089 106
1760437631263 0.73075 107
1760437662500 0.73102 108
1760437693187 0.73717 109
1760437723551 0.71214 110
1760437752774 0.70958 111
1760437782850 0.73403 112
1760437812595 0.7525 113
1760437841372 0.70315 114
1760437871055 0.73255 115
1760437901394 0.71964 116
1760437932831 0.73725 117
1760437961688 0.73813 118
1760437994993 0.72935 119
1760438024519 0.74107 120
1760438055288 0.74272 121
1760438084499 0.7417 122
1760438115294 0.72207 123
1760438145228 0.74155 124
1760438176775 0.74856 125
1760438208203 0.73282 126
1760438238553 0.76227 127
1760438268097 0.73345 128
1760438299093 0.74269 129
1760438328295 0.73202 130
1760438357832 0.73157 131
1760438389270 0.74277 132
1760438419284 0.74406 133
1760438449634 0.74999 134
1760438479860 0.75393 135
1760438508878 0.73346 136
1760438538677 0.74247 137
1760438567923 0.7397 138
1760438598538 0.74698 139
1760438627812 0.73678 140
1760438657469 0.73166 141
1760438687535 0.73729 142
1760438718529 0.75588 143
1760438749249 0.74527 144
1760438779694 0.74223 145
1760438809598 0.73491 146
1760438840167 0.73648 147
1760438869937 0.73564 148
1760438900019 0.76119 149
1760438929300 0.74882 150
1760438958629 0.74256 151
1760438988497 0.73688 152
1760439018352 0.73914 153
1760439046845 0.74035 154
1760439077689 0.74368 155
1760439107497 0.75686 156
1760439137735 0.74225 157
1760439167147 0.7312 158
1760439198607 0.74248 159
1760439228051 0.75962 160
1760439257397 0.73821 161
1760439288376 0.74145 162
1760439319530 0.74069 163
1760439349319 0.76355 164
1760439379475 0.75325 165
1760439408937 0.75763 166
1760439439928 0.75378 167
1760439469683 0.74603 168
1760439499546 0.75686 169
1760439528777 0.72905 170
1760439558993 0.75821 171
1760439588355 0.74095 172
1760439617783 0.7593 173
1760439647159 0.76193 174
1760439677577 0.75975 175
1760439707978 0.75693 176
1760439738568 0.75763 177
1760439767863 0.75348 178
1760439798615 0.75034 179
1760439828421 0.75213 180
1760439857567 0.75639 181
1760439888002 0.75447 182
1760439918563 0.73384 183
1760439949579 0.75572 184
1760439978842 0.75079 185
1760440007917 0.7597 186
1760440037728 0.75581 187
1760440067140 0.74707 188
1760440098778 0.74038 189
1760440129119 0.73964 190
1760440158593 0.74307 191
1760440189034 0.75127 192
1760440218383 0.7451 193
1760440247928 0.73615 194
1760440277892 0.74861 195
1760440307609 0.74881 196
1760440337439 0.73479 197
1760440367137 0.74156 198
1760440397927 0.74462 199
1760440427068 0.75772 200
1760440457102 0.75149 201
1760440488945 0.754 202
1760440519143 0.7533 203
1760440549698 0.74767 204
1760440578793 0.76262 205
1760440608103 0.74759 206
1760440638618 0.73723 207
1760440667970 0.74236 208
1760440699283 0.74758 209
1760440729301 0.74682 210
1760440758463 0.74994 211
1760440788257 0.74543 212
1760440817963 0.75191 213
1760440847070 0.7518 214
1760440876959 0.748 215
1760440907061 0.7445 216
1760440937294 0.74732 217
1760440968575 0.7603 218
1760440999241 0.7483 219
1760441028658 0.74965 220
1760441057951 0.75645 221
1760441089761 0.75831 222
1760441121042 0.74126 223
1760441151052 0.75256 224
1760441180191 0.74412 225
1760441209651 0.74707 226
1760441238990 0.7496 227
1760441268453 0.74937 228
1760441299433 0.74954 229
1760441329242 0.76132 230
1760441358457 0.74847 231
1760441388762 0.75113 232
1760441418437 0.75782 233
1760441448188 0.75306 234
1760441478683 0.74858 235
1760441508024 0.75379 236
1760441538500 0.75168 237
1760441567508 0.74834 238
1760441598033 0.75242 239
1760441627887 0.74818 240
1760441657356 0.76012 241
1760441687740 0.76158 242
1760441717855 0.76004 243
1760441748687 0.74442 244
1760441779181 0.74885 245
1760441808881 0.75289 246
1760441838913 0.75944 247
1760441868828 0.7594 248
1760441900608 0.7571 249
1760441930426 0.75785 250
1760441959861 0.7509 251
1760441989285 0.76057 252
1760442018938 0.75527 253
1760442049943 0.7469 254
1760442080533 0.74141 255
1760442109760 0.75021 256
1760442140425 0.74222 257
1760442171547 0.76135 258
1760442203512 0.76191 259
1760442232596 0.76315 260
1760442262174 0.75671 261
1760442291498 0.75642 262
1760442323651 0.76317 263
1760442352727 0.7595 264
1760442382485 0.74244 265
1760442413531 0.7432 266
1760442442870 0.75972 267
1760442472763 0.74465 268
1760442504113 0.76172 269
1760442535399 0.75279 270
1760442565509 0.75127 271
1760442596194 0.76164 272
1760442625855 0.76643 273
1760442655702 0.75831 274
1760442685926 0.7618 275
1760442715236 0.75978 276
1760442745292 0.75962 277
1760442775123 0.75965 278
1760442806051 0.76119 279
1760442835662 0.74755 280
1760442866122 0.75167 281
1760442896227 0.76226 282
1760442927454 0.7587 283
1760442957168 0.75941 284
1760442987052 0.76325 285
1760443016994 0.75995 286
1760443046721 0.7689 287
1760443077958 0.7673 288
1760443108359 0.76846 289
1760443142926 0.75779 290
1760443170708 0.75308 291
1760443199594 0.76206 292
1760443228505 0.76288 293
1760443257210 0.76353 294
1760443286548 0.76355 295
1760443315283 0.76258 296
1760443344592 0.76065 297
1760443373498 0.75593 298
1760443402249 0.75318 299
1760443415337 0.7526718557296486 299
