1760434367667 9.909909909909909e-05 0
1760434398876 0.0001984420720720721 1
1760434429728 0.00029712504504504503 2
1760434459538 0.00029703 3
1760434490509 0.00029603999999999996 4
1760434520950 0.00029504999999999993 5
1760434555453 0.00029405999999999996 6
1760434587584 0.00029307 7
1760434617047 0.00029207999999999995 8
1760434646615 0.00029109 9
1760434677041 0.00029009999999999995 10
1760434707183 0.00028911 11
1760434737944 0.00028811999999999995 12
1760434769381 0.00028712999999999997 13
1760434800547 0.00028614 14
1760434830852 0.00028514999999999997 15
1760434862076 0.00028416 16
1760434892785 0.00028317 17
1760434922983 0.00028218 18
1760434952379 0.00028118999999999996 19
1760434984050 0.0002802 20
1760435013545 0.00027920999999999995 21
1760435043637 0.00027822 22
1760435072508 0.00027723 23
1760435104274 0.00027623999999999997 24
1760435134200 0.00027525 25
1760435165007 0.00027425999999999997 26
1760435195044 0.00027327 27
1760435225749 0.00027227999999999996 28
1760435255647 0.00027129 29
1760435286613 0.00027029999999999996 30
1760435316352 0.00026931 31
1760435347260 0.00026831999999999995 32
1760435378436 0.00026733 33
1760435408017 0.00026634 34
1760435438208 0.00026534999999999997 35
1760435469481 0.00026436 36
1760435500254 0.00026336999999999997 37
1760435531208 0.00026237999999999994 38
1760435560600 0.00026138999999999996 39
1760435591059 0.0002604 40
1760435620480 0.00025940999999999996 41
1760435650707 0.00025842 42
1760435681068 0.00025742999999999995 43
1760435710292 0.0002564399999999999 44
1760435741429 0.00025545 45
1760435771862 0.00025445999999999997 46
1760435801575 0.00025347 47
1760435833233 0.00025247999999999997 48
1760435865227 0.00025149 49
1760435896718 0.0002505 50
1760435927517 0.00024951 51
1760435958618 0.00024852 52
1760435988778 0.00024753 53
1760436019300 0.00024654 54
1760436049840 0.00024555 55
1760436080553 0.00024456 56
1760436110027 0.00024357 57
1760436140868 0.00024257999999999997 58
1760436171140 0.00024159 59
1760436200035 0.0002406 60
1760436230761 0.00023960999999999996 61
1760436261266 0.00023862 62
1760436291518 0.00023762999999999999 63
1760436320883 0.00023663999999999996 64
1760436351613 0.00023564999999999998 65
1760436380780 0.00023465999999999998 66
1760436411424 0.00023366999999999995 67
1760436440887 0.00023267999999999997 68
1760436472783 0.00023168999999999997 69
1760436504906 0.00023069999999999994 70
1760436533348 0.00022970999999999997 71
1760436564733 0.00022871999999999997 72
1760436594617 0.00022772999999999994 73
1760436625758 0.00022673999999999996 74
1760436655398 0.00022574999999999996 75
1760436685745 0.00022475999999999998 76
1760436717253 0.00022377 77
1760436746796 0.00022278 78
1760436777931 0.00022179 79
1760436809599 0.0002208 80
1760436839713 0.00021981 81
1760436869734 0.00021882 82
1760436899283 0.00021783 83
1760436930004 0.00021684 84
1760436961901 0.00021585 85
1760436992516 0.00021485999999999999 86
1760437020933 0.00021386999999999998 87
1760437052054 0.00021287999999999998 88
1760437082607 0.00021189 89
1760437113389 0.00021089999999999998 90
1760437141943 0.00020990999999999997 91
1760437172223 0.00020892 92
1760437202965 0.00020792999999999997 93
1760437232169 0.00020693999999999997 94
1760437263449 0.00020595 95
1760437292631 0.00020495999999999996 96
1760437322591 0.00020397 97
1760437353195 0.00020297999999999998 98
1760437385147 0.00020198999999999995 99
1760437413959 0.000201 100
1760437444540 0.00020000999999999998 101
1760437474624 0.00019901999999999995 102
1760437503111 0.00019803 103
1760437533829 0.00019703999999999997 104
1760437564984 0.00019604999999999997 105
1760437596333 0.00019506000000000002 106
1760437626856 0.00019407 107
1760437656783 0.00019308000000000001 108
1760437688077 0.00019209 109
1760437718818 0.00019109999999999998 110
1760437747649 0.00019011 111
1760437777895 0.00018912 112
1760437807385 0.00018812999999999998 113
1760437837409 0.00018714 114
1760437866589 0.00018615 115
1760437897324 0.00018515999999999997 116
1760437927689 0.00018417 117
1760437957487 0.00018318 118
1760437987425 0.00018218999999999996 119
1760438020133 0.00018119999999999999 120
1760438050123 0.00018020999999999998 121
1760438079945 0.00017921999999999995 122
1760438110378 0.00017823 123
1760438139672 0.00017723999999999998 124
1760438172006 0.00017624999999999995 125
1760438202948 0.00017526 126
1760438232880 0.00017426999999999997 127
1760438264150 0.00017327999999999994 128
1760438292925 0.00017229 129
1760438324281 0.00017129999999999996 130
1760438354079 0.00017031 131
1760438384347 0.00016931999999999998 132
1760438415196 0.00016832999999999996 133
1760438445568 0.00016733999999999998 134
1760438475101 0.00016634999999999998 135
1760438504957 0.00016536 136
1760438534057 0.00016437 137
1760438563745 0.00016338 138
1760438593532 0.00016239 139
1760438623407 0.0001614 140
1760438653622 0.00016041000000000002 141
1760438682376 0.00015942 142
1760438713129 0.00015842999999999999 143
1760438744811 0.00015744 144
1760438774000 0.00015644999999999998 145
1760438805245 0.00015545999999999998 146
1760438835972 0.00015447 147
1760438865825 0.00015347999999999997 148
1760438894317 0.00015249000000000003 149
1760438924979 0.0001515 150
1760438954699 0.00015051 151
1760438984304 0.00014951999999999996 152
1760439013669 0.00014853 153
1760439042608 0.00014754 154
1760439072139 0.00014654999999999996 155
1760439102638 0.00014555999999999998 156
1760439132373 0.00014456999999999998 157
1760439163285 0.00014358 158
1760439193159 0.00014258999999999997 159
1760439224067 0.0001416 160
1760439252953 0.00014061 161
1760439282622 0.00013962 162
1760439313544 0.00013863 163
1760439344584 0.00013764 164
1760439374453 0.00013665 165
1760439404018 0.00013565999999999999 166
1760439433661 0.00013466999999999998 167
1760439465893 0.00013367999999999998 168
1760439493247 0.00013268999999999998 169
1760439524020 0.00013169999999999998 170
1760439553786 0.00013071 171
1760439584135 0.00012971999999999997 172
1760439613334 0.00012873 173
1760439642453 0.00012774000000000002 174
1760439671684 0.00012675 175
1760439703889 0.00012576 176
1760439733613 0.00012477 177
1760439763196 0.00012377999999999998 178
1760439793677 0.00012278999999999998 179
1760439824294 0.00012179999999999999 180
1760439853833 0.00012080999999999998 181
1760439883716 0.00011981999999999999 182
1760439913076 0.00011882999999999999 183
1760439944867 0.00011784 184
1760439974787 0.00011684999999999998 185
1760440003732 0.00011585999999999999 186
1760440032756 0.00011486999999999999 187
1760440062281 0.00011387999999999999 188
1760440093827 0.00011289 189
1760440124605 0.00011190000000000001 190
1760440154536 0.00011090999999999998 191
1760440185292 0.00010991999999999999 192
1760440214213 0.00010893 193
1760440243423 0.00010794000000000001 194
1760440273489 0.00010694999999999998 195
1760440303486 0.00010596 196
1760440333454 0.00010497 197
1760440361928 0.00010397999999999998 198
1760440392607 0.00010298999999999999 199
1760440422701 0.000102 200
1760440452626 0.00010100999999999997 201
1760440482364 0.00010001999999999998 202
1760440513955 9.903e-05 203
1760440545314 9.803999999999999e-05 204
1760440574544 9.705e-05 205
1760440603553 9.606e-05 206
1760440633417 9.507000000000001e-05 207
1760440663127 9.408e-05 208
1760440694388 9.308999999999999e-05 209
1760440724525 9.21e-05 210
1760440754016 9.110999999999999e-05 211
1760440783376 9.012e-05 212
1760440813231 8.913e-05 213
1760440842884 8.813999999999998e-05 214
1760440872729 8.714999999999999e-05 215
1760440902556 8.616e-05 216
1760440933153 8.516999999999997e-05 217
1760440964272 8.418e-05 218
1760440994411 8.319000000000001e-05 219
1760441024027 8.220000000000002e-05 220
1760441053746 8.120999999999999e-05 221
1760441084796 8.022e-05 222
1760441115485 7.923000000000001e-05 223
1760441146689 7.823999999999998e-05 224
1760441176234 7.725e-05 225
1760441205178 7.626e-05 226
1760441234465 7.526999999999998e-05 227
1760441264227 7.427999999999999e-05 228
1760441294050 7.329000000000001e-05 229
1760441323221 7.229999999999998e-05 230
1760441354419 7.130999999999999e-05 231
1760441384479 7.032e-05 232
1760441413982 6.933000000000002e-05 233
1760441443848 6.833999999999999e-05 234
1760441473996 6.735e-05 235
1760441503399 6.636000000000001e-05 236
1760441533602 6.536999999999999e-05 237
1760441563112 6.438e-05 238
1760441593140 6.339e-05 239
1760441623283 6.239999999999999e-05 240
1760441652516 6.141e-05 241
1760441683006 6.042e-05 242
1760441712980 5.942999999999998e-05 243
1760441744499 5.8439999999999996e-05 244
1760441774340 5.745000000000001e-05 245
1760441804850 5.646000000000001e-05 246
1760441835033 5.546999999999999e-05 247
1760441864861 5.448e-05 248
1760441895622 5.3490000000000005e-05 249
1760441925464 5.249999999999998e-05 250
1760441955549 5.150999999999999e-05 251
1760441985470 5.052000000000001e-05 252
1760442014818 4.952999999999999e-05 253
1760442045882 4.853999999999999e-05 254
1760442076098 4.7550000000000004e-05 255
1760442105429 4.655999999999998e-05 256
1760442136156 4.556999999999999e-05 257
1760442166746 4.458e-05 258
1760442197601 4.3590000000000015e-05 259
1760442228533 4.259999999999999e-05 260
1760442258052 4.161e-05 261
1760442287472 4.062000000000001e-05 262
1760442317735 3.9629999999999985e-05 263
1760442347488 3.8639999999999996e-05 264
1760442378320 3.765000000000001e-05 265
1760442407761 3.6659999999999984e-05 266
1760442438186 3.566999999999999e-05 267
1760442468708 3.468e-05 268
1760442497917 3.369000000000001e-05 269
1760442530189 3.269999999999999e-05 270
1760442559718 3.171e-05 271
1760442591288 3.072000000000001e-05 272
1760442621714 2.9729999999999988e-05 273
1760442651492 2.8739999999999996e-05 274
1760442681463 2.7750000000000007e-05 275
1760442711104 2.6759999999999984e-05 276
1760442741221 2.5769999999999996e-05 277
1760442770579 2.4780000000000003e-05 278
1760442800069 2.378999999999998e-05 279
1760442831322 2.2799999999999992e-05 280
1760442862196 2.1810000000000003e-05 281
1760442891991 2.082000000000001e-05 282
1760442922100 1.982999999999999e-05 283
1760442952501 1.8840000000000003e-05 284
1760442982787 1.7850000000000014e-05 285
1760443012786 1.685999999999999e-05 286
1760443042338 1.587e-05 287
1760443072234 1.488000000000001e-05 288
1760443103520 1.3889999999999987e-05 289
1760443137489 1.2899999999999998e-05 290
1760443166831 1.1910000000000006e-05 291
1760443195490 1.0919999999999985e-05 292
1760443224239 9.929999999999995e-06 293
1760443253116 8.940000000000006e-06 294
1760443282184 7.950000000000015e-06 295
1760443311421 6.959999999999993e-06 296
1760443340418 5.970000000000002e-06 297
1760443369270 4.9800000000000125e-06 298
1760443398380 3.98999999999999e-06 299
