1760434367667 1.39638 0
1760434398876 1.23935 1
1760434429728 1.2146 2
1760434459538 1.20825 3
1760434490509 1.16388 4
1760434520950 1.12343 5
1760434555453 1.13719 6
1760434587584 1.0985 7
1760434617047 1.07777 8
1760434646615 1.07405 9
1760434677041 1.05137 10
1760434707183 1.0858 11
1760434737944 1.04043 12
1760434769381 1.04866 13
1760434800547 1.02702 14
1760434830852 1.0165 15
1760434862076 1.00838 16
1760434892785 0.98972 17
1760434922983 1.00754 18
1760434952379 0.9926 19
1760434984050 0.97644 20
1760435013545 0.97643 21
1760435043637 0.99814 22
1760435072508 0.96564 23
1760435104274 0.97519 24
1760435134200 0.98195 25
1760435165007 0.92607 26
1760435195044 0.91946 27
1760435225749 0.9405 28
1760435255647 0.93355 29
1760435286613 0.93663 30
1760435316352 0.94147 31
1760435347260 0.9093 32
1760435378436 0.90993 33
1760435408017 0.90618 34
1760435438208 0.89542 35
1760435469481 0.89401 36
1760435500254 0.85836 37
1760435531208 0.83911 38
1760435560600 0.85138 39
1760435591059 0.81596 40
1760435620480 0.83311 41
1760435650707 0.83781 42
1760435681068 0.79819 43
1760435710292 0.83178 44
1760435741429 0.81966 45
1760435771862 0.79561 46
1760435801575 0.78109 47
1760435833233 0.78465 48
1760435865227 0.77962 49
1760435896718 0.77481 50
1760435927517 0.78709 51
1760435958618 0.78302 52
1760435988778 0.75218 53
1760436019300 0.74627 54
1760436049840 0.7561 55
1760436080553 0.75214 56
1760436110027 0.75379 57
1760436140868 0.7469 58
1760436171140 0.74214 59
1760436200035 0.72666 60
1760436230761 0.72286 61
1760436261266 0.72769 62
1760436291518 0.71611 63
1760436320883 0.74234 64
1760436351613 0.72497 65
1760436380780 0.73709 66
1760436411424 0.72648 67
1760436440887 0.70269 68
1760436472783 0.70338 69
1760436504906 0.71131 70
1760436533348 0.69298 71
1760436564733 0.6968 72
1760436594617 0.70026 73
1760436625758 0.69364 74
1760436655398 0.68716 75
1760436685745 0.68957 76
1760436717253 0.70047 77
1760436746796 0.68646 78
1760436777931 0.68226 79
1760436809599 0.67971 80
1760436839713 0.67241 81
1760436869734 0.69738 82
1760436899283 0.69064 83
1760436930004 0.68676 84
1760436961901 0.68996 85
1760436992516 0.68078 86
1760437020933 0.67905 87
1760437052054 0.65628 88
1760437082607 0.68011 89
1760437113389 0.65427 90
1760437141943 0.66582 91
1760437172223 0.64377 92
1760437202965 0.66223 93
1760437232169 0.6705 94
1760437263449 0.66041 95
1760437292631 0.66391 96
1760437322591 0.65728 97
1760437353195 0.661 98
1760437385147 0.6481 99
1760437413959 0.6392 100
1760437444540 0.639 101
1760437474624 0.63446 102
1760437503111 0.64979 103
1760437533829 0.64832 104
1760437564984 0.65237 105
1760437596333 0.63497 106
1760437626856 0.6567 107
1760437656783 0.6268 108
1760437688077 0.62582 109
1760437718818 0.63607 110
1760437747649 0.63684 111
1760437777895 0.64199 112
1760437807385 0.63707 113
1760437837409 0.61796 114
1760437866589 0.62062 115
1760437897324 0.6111 116
1760437927689 0.62479 117
1760437957487 0.63526 118
1760437987425 0.62849 119
1760438020133 0.60957 120
1760438050123 0.60792 121
1760438079945 0.60646 122
1760438110378 0.59954 123
1760438139672 0.61662 124
1760438172006 0.59431 125
1760438202948 0.60864 126
1760438232880 0.61632 127
1760438264150 0.60187 128
1760438292925 0.60126 129
1760438324281 0.59855 130
1760438354079 0.5922 131
1760438384347 0.5927 132
1760438415196 0.60549 133
1760438445568 0.59934 134
1760438475101 0.5894 135
1760438504957 0.59925 136
1760438534057 0.59351 137
1760438563745 0.57393 138
1760438593532 0.59511 139
1760438623407 0.5822 140
1760438653622 0.58748 141
1760438682376 0.58475 142
1760438713129 0.58756 143
1760438744811 0.60409 144
1760438774000 0.57819 145
1760438805245 0.58122 146
1760438835972 0.58287 147
1760438865825 0.60055 148
1760438894317 0.56219 149
1760438924979 0.58737 150
1760438954699 0.56867 151
1760438984304 0.58333 152
1760439013669 0.57517 153
1760439042608 0.57044 154
1760439072139 0.58804 155
1760439102638 0.57463 156
1760439132373 0.57788 157
1760439163285 0.57841 158
1760439193159 0.56764 159
1760439224067 0.57314 160
1760439252953 0.58227 161
1760439282622 0.56277 162
1760439313544 0.56981 163
1760439344584 0.56741 164
1760439374453 0.55882 165
1760439404018 0.57731 166
1760439433661 0.56859 167
1760439465893 0.5718 168
1760439493247 0.55429 169
1760439524020 0.5564 170
1760439553786 0.56034 171
1760439584135 0.56545 172
1760439613334 0.55718 173
1760439642453 0.55176 174
1760439671684 0.54736 175
1760439703889 0.55739 176
1760439733613 0.55256 177
1760439763196 0.54413 178
1760439793677 0.54686 179
1760439824294 0.54107 180
1760439853833 0.54981 181
1760439883716 0.54385 182
1760439913076 0.55964 183
1760439944867 0.54054 184
1760439974787 0.54931 185
1760440003732 0.54848 186
1760440032756 0.54118 187
1760440062281 0.54465 188
1760440093827 0.54068 189
1760440124605 0.51892 190
1760440154536 0.53248 191
1760440185292 0.54863 192
1760440214213 0.53856 193
1760440243423 0.53621 194
1760440273489 0.52478 195
1760440303486 0.53698 196
1760440333454 0.52322 197
1760440361928 0.53621 198
1760440392607 0.52295 199
1760440422701 0.53863 200
1760440452626 0.52564 201
1760440482364 0.52697 202
1760440513955 0.52737 203
1760440545314 0.50662 204
1760440574544 0.52355 205
1760440603553 0.52305 206
1760440633417 0.52271 207
1760440663127 0.51981 208
1760440694388 0.53015 209
1760440724525 0.51488 210
1760440754016 0.51707 211
1760440783376 0.52666 212
1760440813231 0.51382 213
1760440842884 0.50434 214
1760440872729 0.50212 215
1760440902556 0.52333 216
1760440933153 0.50507 217
1760440964272 0.50911 218
1760440994411 0.49091 219
1760441024027 0.51705 220
1760441053746 0.50182 221
1760441084796 0.50708 222
1760441115485 0.50601 223
1760441146689 0.49561 224
1760441176234 0.50731 225
1760441205178 0.5035 226
1760441234465 0.50703 227
1760441264227 0.52677 228
1760441294050 0.51646 229
1760441323221 0.49938 230
1760441354419 0.498 231
1760441384479 0.50767 232
1760441413982 0.50037 233
1760441443848 0.50338 234
1760441473996 0.49058 235
1760441503399 0.50091 236
1760441533602 0.50001 237
1760441563112 0.50384 238
1760441593140 0.49947 239
1760441623283 0.49463 240
1760441652516 0.496 241
1760441683006 0.47607 242
1760441712980 0.48384 243
1760441744499 0.4889 244
1760441774340 0.50056 245
1760441804850 0.48328 246
1760441835033 0.48208 247
1760441864861 0.48618 248
1760441895622 0.50358 249
1760441925464 0.4949 250
1760441955549 0.48715 251
1760441985470 0.47155 252
1760442014818 0.48507 253
1760442045882 0.47683 254
1760442076098 0.48542 255
1760442105429 0.48605 256
1760442136156 0.47433 257
1760442166746 0.46893 258
1760442197601 0.477 259
1760442228533 0.47801 260
1760442258052 0.46658 261
1760442287472 0.46198 262
1760442317735 0.48346 263
1760442347488 0.47634 264
1760442378320 0.46288 265
1760442407761 0.46137 266
1760442438186 0.48144 267
1760442468708 0.47809 268
1760442497917 0.4723 269
1760442530189 0.46315 270
1760442559718 0.46758 271
1760442591288 0.45788 272
1760442621714 0.46265 273
1760442651492 0.44751 274
1760442681463 0.47295 275
1760442711104 0.46766 276
1760442741221 0.45503 277
1760442770579 0.46744 278
1760442800069 0.46633 279
1760442831322 0.46099 280
1760442862196 0.44988 281
1760442891991 0.45796 282
1760442922100 0.43326 283
1760442952501 0.44658 284
1760442982787 0.4577 285
1760443012786 0.46132 286
1760443042338 0.46247 287
1760443072234 0.44998 288
1760443103520 0.44971 289
1760443137489 0.32373 290
1760443166831 0.32356 291
1760443195490 0.31054 292
1760443224239 0.32175 293
1760443253116 0.31889 294
1760443282184 0.31661 295
1760443311421 0.31712 296
1760443340418 0.31374 297
1760443369270 0.31117 298
1760443398380 0.3224 299
