1760434367667 2.17577 0
1760434398876 1.33688 1
1760434429728 1.16696 2
1760434459538 1.12432 3
1760434490509 1.06847 4
1760434520950 0.98002 5
1760434555453 0.98385 6
1760434587584 0.92536 7
1760434617047 0.89478 8
1760434646615 0.91905 9
1760434677041 0.86429 10
1760434707183 0.88609 11
1760434737944 0.82917 12
1760434769381 0.83211 13
1760434800547 0.82429 14
1760434830852 0.79268 15
1760434862076 0.79751 16
1760434892785 0.77231 17
1760434922983 0.77748 18
1760434952379 0.75421 19
1760434984050 0.75262 20
1760435013545 0.72459 21
1760435043637 0.74768 22
1760435072508 0.73671 23
1760435104274 0.72049 24
1760435134200 0.7259 25
1760435165007 0.68404 26
1760435195044 0.68372 27
1760435225749 0.69366 28
1760435255647 0.67392 29
1760435286613 0.69533 30
1760435316352 0.70293 31
1760435347260 0.66434 32
1760435378436 0.68046 33
1760435408017 0.66321 34
1760435438208 0.66364 35
1760435469481 0.66843 36
1760435500254 0.64305 37
1760435531208 0.62956 38
1760435560600 0.6353 39
1760435591059 0.62403 40
1760435620480 0.62592 41
1760435650707 0.62861 42
1760435681068 0.60172 43
1760435710292 0.63573 44
1760435741429 0.6113 45
1760435771862 0.58714 46
1760435801575 0.58269 47
1760435833233 0.5973 48
1760435865227 0.57571 49
1760435896718 0.57005 50
1760435927517 0.58862 51
1760435958618 0.59619 52
1760435988778 0.56446 53
1760436019300 0.56256 54
1760436049840 0.55752 55
1760436080553 0.56063 56
1760436110027 0.56213 57
1760436140868 0.5707 58
1760436171140 0.55134 59
1760436200035 0.53623 60
1760436230761 0.54798 61
1760436261266 0.53744 62
1760436291518 0.53488 63
1760436320883 0.55412 64
1760436351613 0.53881 65
1760436380780 0.55056 66
1760436411424 0.52854 67
1760436440887 0.52134 68
1760436472783 0.52203 69
1760436504906 0.53082 70
1760436533348 0.50958 71
1760436564733 0.51428 72
1760436594617 0.51079 73
1760436625758 0.51121 74
1760436655398 0.50285 75
1760436685745 0.50222 76
1760436717253 0.5226 77
1760436746796 0.50546 78
1760436777931 0.49486 79
1760436809599 0.50814 80
1760436839713 0.49862 81
1760436869734 0.50524 82
1760436899283 0.5116 83
1760436930004 0.50114 84
1760436961901 0.5048 85
1760436992516 0.50168 86
1760437020933 0.50605 87
1760437052054 0.47461 88
1760437082607 0.4972 89
1760437113389 0.4828 90
1760437141943 0.48851 91
1760437172223 0.4676 92
1760437202965 0.48385 93
1760437232169 0.47952 94
1760437263449 0.48413 95
1760437292631 0.49447 96
1760437322591 0.4844 97
1760437353195 0.47634 98
1760437385147 0.46894 99
1760437413959 0.45825 100
1760437444540 0.45929 101
1760437474624 0.46336 102
1760437503111 0.4664 103
1760437533829 0.46948 104
1760437564984 0.46455 105
1760437596333 0.45152 106
1760437626856 0.47613 107
1760437656783 0.45749 108
1760437688077 0.44858 109
1760437718818 0.45407 110
1760437747649 0.4481 111
1760437777895 0.46057 112
1760437807385 0.45277 113
1760437837409 0.44292 114
1760437866589 0.43624 115
1760437897324 0.43529 116
1760437927689 0.44727 117
1760437957487 0.45997 118
1760437987425 0.45107 119
1760438020133 0.4316 120
1760438050123 0.43586 121
1760438079945 0.42953 122
1760438110378 0.4286 123
1760438139672 0.43901 124
1760438172006 0.42126 125
1760438202948 0.44128 126
1760438232880 0.44355 127
1760438264150 0.42592 128
1760438292925 0.42783 129
1760438324281 0.42904 130
1760438354079 0.41736 131
1760438384347 0.41866 132
1760438415196 0.42893 133
1760438445568 0.42833 134
1760438475101 0.42215 135
1760438504957 0.42938 136
1760438534057 0.42543 137
1760438563745 0.40498 138
1760438593532 0.42738 139
1760438623407 0.41023 140
1760438653622 0.41683 141
1760438682376 0.41552 142
1760438713129 0.41593 143
1760438744811 0.41862 144
1760438774000 0.40514 145
1760438805245 0.40519 146
1760438835972 0.40397 147
1760438865825 0.41364 148
1760438894317 0.39703 149
1760438924979 0.40646 150
1760438954699 0.40495 151
1760438984304 0.41048 152
1760439013669 0.40564 153
1760439042608 0.39665 154
1760439072139 0.40861 155
1760439102638 0.39969 156
1760439132373 0.39873 157
1760439163285 0.40551 158
1760439193159 0.39885 159
1760439224067 0.40296 160
1760439252953 0.40691 161
1760439282622 0.39991 162
1760439313544 0.40143 163
1760439344584 0.3931 164
1760439374453 0.38784 165
1760439404018 0.39743 166
1760439433661 0.39209 167
1760439465893 0.40764 168
1760439493247 0.38656 169
1760439524020 0.38623 170
1760439553786 0.39184 171
1760439584135 0.3886 172
1760439613334 0.38694 173
1760439642453 0.3795 174
1760439671684 0.38171 175
1760439703889 0.38747 176
1760439733613 0.38412 177
1760439763196 0.38098 178
1760439793677 0.37678 179
1760439824294 0.37573 180
1760439853833 0.3857 181
1760439883716 0.38606 182
1760439913076 0.38204 183
1760439944867 0.37592 184
1760439974787 0.38315 185
1760440003732 0.37969 186
1760440032756 0.37478 187
1760440062281 0.37344 188
1760440093827 0.37633 189
1760440124605 0.36533 190
1760440154536 0.36148 191
1760440185292 0.38302 192
1760440214213 0.37281 193
1760440243423 0.36739 194
1760440273489 0.36484 195
1760440303486 0.37137 196
1760440333454 0.36148 197
1760440361928 0.37202 198
1760440392607 0.36358 199
1760440422701 0.36705 200
1760440452626 0.35961 201
1760440482364 0.35757 202
1760440513955 0.35634 203
1760440545314 0.34693 204
1760440574544 0.35553 205
1760440603553 0.36077 206
1760440633417 0.35441 207
1760440663127 0.35869 208
1760440694388 0.37132 209
1760440724525 0.35406 210
1760440754016 0.35585 211
1760440783376 0.36862 212
1760440813231 0.35536 213
1760440842884 0.34989 214
1760440872729 0.34297 215
1760440902556 0.35804 216
1760440933153 0.33783 217
1760440964272 0.35048 218
1760440994411 0.33251 219
1760441024027 0.34948 220
1760441053746 0.34121 221
1760441084796 0.34787 222
1760441115485 0.34848 223
1760441146689 0.3408 224
1760441176234 0.34202 225
1760441205178 0.33834 226
1760441234465 0.3514 227
1760441264227 0.36304 228
1760441294050 0.35797 229
1760441323221 0.34257 230
1760441354419 0.34141 231
1760441384479 0.34995 232
1760441413982 0.34185 233
1760441443848 0.34041 234
1760441473996 0.33564 235
1760441503399 0.33473 236
1760441533602 0.33977 237
1760441563112 0.33836 238
1760441593140 0.33614 239
1760441623283 0.33222 240
1760441652516 0.34507 241
1760441683006 0.32458 242
1760441712980 0.33293 243
1760441744499 0.33693 244
1760441774340 0.34169 245
1760441804850 0.32539 246
1760441835033 0.32915 247
1760441864861 0.3286 248
1760441895622 0.34453 249
1760441925464 0.33632 250
1760441955549 0.32655 251
1760441985470 0.32004 252
1760442014818 0.32845 253
1760442045882 0.32725 254
1760442076098 0.33231 255
1760442105429 0.32504 256
1760442136156 0.32556 257
1760442166746 0.31694 258
1760442197601 0.32387 259
1760442228533 0.32563 260
1760442258052 0.31924 261
1760442287472 0.31439 262
1760442317735 0.32378 263
1760442347488 0.32054 264
1760442378320 0.31513 265
1760442407761 0.3115 266
1760442438186 0.31854 267
1760442468708 0.32074 268
1760442497917 0.31989 269
1760442530189 0.30794 270
1760442559718 0.31398 271
1760442591288 0.30677 272
1760442621714 0.3161 273
1760442651492 0.30124 274
1760442681463 0.31311 275
1760442711104 0.31129 276
1760442741221 0.30381 277
1760442770579 0.31357 278
1760442800069 0.31197 279
1760442831322 0.30682 280
1760442862196 0.30232 281
1760442891991 0.31407 282
1760442922100 0.29053 283
1760442952501 0.29444 284
1760442982787 0.30578 285
1760443012786 0.31258 286
1760443042338 0.31438 287
1760443072234 0.3007 288
1760443103520 0.30469 289
1760443137489 0.20997 290
1760443166831 0.21683 291
1760443195490 0.20022 292
1760443224239 0.20895 293
1760443253116 0.20159 294
1760443282184 0.20267 295
1760443311421 0.20404 296
1760443340418 0.19971 297
1760443369270 0.1957 298
1760443398380 0.20342 299
