1760434367667 1.39173 0
1760434398876 1.29698 1
1760434429728 1.26092 2
1760434459538 1.26771 3
1760434490509 1.24196 4
1760434520950 1.22815 5
1760434555453 1.24207 6
1760434587584 1.2075 7
1760434617047 1.20045 8
1760434646615 1.20122 9
1760434677041 1.16772 10
1760434707183 1.17858 11
1760434737944 1.16131 12
1760434769381 1.16803 13
1760434800547 1.1639 14
1760434830852 1.14575 15
1760434862076 1.12276 16
1760434892785 1.13175 17
1760434922983 1.13724 18
1760434952379 1.12427 19
1760434984050 1.12941 20
1760435013545 1.11297 21
1760435043637 1.12407 22
1760435072508 1.11529 23
1760435104274 1.11823 24
1760435134200 1.11535 25
1760435165007 1.08127 26
1760435195044 1.0971 27
1760435225749 1.10611 28
1760435255647 1.10203 29
1760435286613 1.09108 30
1760435316352 1.09609 31
1760435347260 1.06048 32
1760435378436 1.08231 33
1760435408017 1.07176 34
1760435438208 1.07086 35
1760435469481 1.07337 36
1760435500254 1.05246 37
1760435531208 1.05233 38
1760435560600 1.0457 39
1760435591059 1.03217 40
1760435620480 1.0494 41
1760435650707 1.048 42
1760435681068 1.03122 43
1760435710292 1.04854 44
1760435741429 1.04379 45
1760435771862 1.03216 46
1760435801575 1.02014 47
1760435833233 1.02083 48
1760435865227 1.01658 49
1760435896718 1.01764 50
1760435927517 1.01784 51
1760435958618 1.02318 52
1760435988778 1.00366 53
1760436019300 1.00689 54
1760436049840 1.0019 55
1760436080553 1.00787 56
1760436110027 1.00605 57
1760436140868 1.00397 58
1760436171140 1.00634 59
1760436200035 0.98815 60
1760436230761 0.99523 61
1760436261266 0.99382 62
1760436291518 0.99536 63
1760436320883 0.99754 64
1760436351613 0.989 65
1760436380780 0.99172 66
1760436411424 0.99047 67
1760436440887 0.98629 68
1760436472783 0.98949 69
1760436504906 0.99936 70
1760436533348 0.97583 71
1760436564733 0.97782 72
1760436594617 0.97494 73
1760436625758 0.98374 74
1760436655398 0.97112 75
1760436685745 0.97961 76
1760436717253 0.97257 77
1760436746796 0.97456 78
1760436777931 0.97355 79
1760436809599 0.97721 80
1760436839713 0.97396 81
1760436869734 0.97986 82
1760436899283 0.97935 83
1760436930004 0.96516 84
1760436961901 0.9761 85
1760436992516 0.96966 86
1760437020933 0.97505 87
1760437052054 0.95801 88
1760437082607 0.98437 89
1760437113389 0.9682 90
1760437141943 0.96352 91
1760437172223 0.95095 92
1760437202965 0.97022 93
1760437232169 0.95245 94
1760437263449 0.9649 95
1760437292631 0.96458 96
1760437322591 0.9697 97
1760437353195 0.96205 98
1760437385147 0.95068 99
1760437413959 0.94684 100
1760437444540 0.95129 101
1760437474624 0.95495 102
1760437503111 0.95292 103
1760437533829 0.95925 104
1760437564984 0.95345 105
1760437596333 0.95494 106
1760437626856 0.95549 107
1760437656783 0.95083 108
1760437688077 0.94939 109
1760437718818 0.9501 110
1760437747649 0.94825 111
1760437777895 0.95278 112
1760437807385 0.94465 113
1760437837409 0.93846 114
1760437866589 0.94532 115
1760437897324 0.94167 116
1760437927689 0.93896 117
1760437957487 0.94143 118
1760437987425 0.941 119
1760438020133 0.93597 120
1760438050123 0.94086 121
1760438079945 0.93587 122
1760438110378 0.94016 123
1760438139672 0.94469 124
1760438172006 0.93912 125
1760438202948 0.94203 126
1760438232880 0.94275 127
1760438264150 0.93656 128
1760438292925 0.93799 129
1760438324281 0.93289 130
1760438354079 0.93356 131
1760438384347 0.94548 132
1760438415196 0.94379 133
1760438445568 0.94412 134
1760438475101 0.93767 135
1760438504957 0.93511 136
1760438534057 0.93608 137
1760438563745 0.92306 138
1760438593532 0.93274 139
1760438623407 0.93183 140
1760438653622 0.9381 141
1760438682376 0.9363 142
1760438713129 0.9369 143
1760438744811 0.93856 144
1760438774000 0.92937 145
1760438805245 0.93237 146
1760438835972 0.92902 147
1760438865825 0.92997 148
1760438894317 0.91597 149
1760438924979 0.93506 150
1760438954699 0.92582 151
1760438984304 0.93143 152
1760439013669 0.92718 153
1760439042608 0.92437 154
1760439072139 0.93228 155
1760439102638 0.92783 156
1760439132373 0.92466 157
1760439163285 0.92895 158
1760439193159 0.92827 159
1760439224067 0.93303 160
1760439252953 0.92667 161
1760439282622 0.91912 162
1760439313544 0.92766 163
1760439344584 0.92195 164
1760439374453 0.92132 165
1760439404018 0.92626 166
1760439433661 0.92457 167
1760439465893 0.93038 168
1760439493247 0.91232 169
1760439524020 0.92025 170
1760439553786 0.91954 171
1760439584135 0.92137 172
1760439613334 0.92141 173
1760439642453 0.91677 174
1760439671684 0.91236 175
1760439703889 0.9296 176
1760439733613 0.91385 177
1760439763196 0.91516 178
1760439793677 0.91278 179
1760439824294 0.91676 180
1760439853833 0.91768 181
1760439883716 0.91465 182
1760439913076 0.91632 183
1760439944867 0.91428 184
1760439974787 0.91443 185
1760440003732 0.90863 186
1760440032756 0.91196 187
1760440062281 0.90566 188
1760440093827 0.91724 189
1760440124605 0.90871 190
1760440154536 0.91276 191
1760440185292 0.92271 192
1760440214213 0.90476 193
1760440243423 0.90821 194
1760440273489 0.90747 195
1760440303486 0.9043 196
1760440333454 0.91289 197
1760440361928 0.90651 198
1760440392607 0.91392 199
1760440422701 0.90772 200
1760440452626 0.90243 201
1760440482364 0.90797 202
1760440513955 0.90817 203
1760440545314 0.89921 204
1760440574544 0.90392 205
1760440603553 0.90393 206
1760440633417 0.90652 207
1760440663127 0.90807 208
1760440694388 0.91458 209
1760440724525 0.90514 210
1760440754016 0.90197 211
1760440783376 0.90445 212
1760440813231 0.90534 213
1760440842884 0.90138 214
1760440872729 0.90095 215
1760440902556 0.90865 216
1760440933153 0.90415 217
1760440964272 0.90554 218
1760440994411 0.8892 219
1760441024027 0.90375 220
1760441053746 0.90009 221
1760441084796 0.90413 222
1760441115485 0.90173 223
1760441146689 0.89877 224
1760441176234 0.90279 225
1760441205178 0.89892 226
1760441234465 0.89798 227
1760441264227 0.90672 228
1760441294050 0.90096 229
1760441323221 0.89457 230
1760441354419 0.89789 231
1760441384479 0.89692 232
1760441413982 0.89872 233
1760441443848 0.89779 234
1760441473996 0.89649 235
1760441503399 0.89786 236
1760441533602 0.9036 237
1760441563112 0.90088 238
1760441593140 0.89494 239
1760441623283 0.8933 240
1760441652516 0.89669 241
1760441683006 0.88897 242
1760441712980 0.89646 243
1760441744499 0.8963 244
1760441774340 0.90019 245
1760441804850 0.89449 246
1760441835033 0.89694 247
1760441864861 0.89239 248
1760441895622 0.89743 249
1760441925464 0.8958 250
1760441955549 0.89601 251
1760441985470 0.8909 252
1760442014818 0.89785 253
1760442045882 0.88978 254
1760442076098 0.89465 255
1760442105429 0.88936 256
1760442136156 0.89188 257
1760442166746 0.88963 258
1760442197601 0.89535 259
1760442228533 0.89564 260
1760442258052 0.88989 261
1760442287472 0.88802 262
1760442317735 0.8907 263
1760442347488 0.88702 264
1760442378320 0.89158 265
1760442407761 0.89118 266
1760442438186 0.88669 267
1760442468708 0.88621 268
1760442497917 0.88526 269
1760442530189 0.88516 270
1760442559718 0.88813 271
1760442591288 0.88145 272
1760442621714 0.88385 273
1760442651492 0.88083 274
1760442681463 0.89138 275
1760442711104 0.88312 276
1760442741221 0.88551 277
1760442770579 0.88875 278
1760442800069 0.88193 279
1760442831322 0.87884 280
1760442862196 0.88663 281
1760442891991 0.88674 282
1760442922100 0.87549 283
1760442952501 0.87574 284
1760442982787 0.88769 285
1760443012786 0.88916 286
1760443042338 0.8842 287
1760443072234 0.88059 288
1760443103520 0.88444 289
1760443137489 0.80056 290
1760443166831 0.80649 291
1760443195490 0.80431 292
1760443224239 0.80579 293
1760443253116 0.80155 294
1760443282184 0.80422 295
1760443311421 0.8032 296
1760443340418 0.80472 297
1760443369270 0.79907 298
1760443398380 0.80452 299
